35,8
42,35
35,4
3,2
10,192
10,166
10,170
10,236
10,224
10,140
10,90
10,102
11,4
8,14
8,15
8,16
8,8
8,9
8,2
8,3
35,14
35,13
35,12
35,11
35,10
35,6
35,5
35,3
35,1
34,11
34,10
34,6
34,4
34,3
34,1
33,25
33,24
33,23
33,22
33,21
33,20
33,19
33,18
33,17
33,16
33,15
33,14
2,2
2,1
2,3
33,13
33,12
33,11
33,10
33,9
33,8
33,7
33,6
33,5
33,4
33,3
33,1
31,7
31,5
31,4
31,3
31,1
29,3
29,1
28,5
28,3
28,1
27,3
27,1
25,4
25,3
25,1
24,4
24,3
24,1
20,3
20,2
20,1
19,3
19,2
19,1
18,3
18,1
14,5
14,4
14,3
14,1
13,3
13,1
12,3
12,2
12,1
11,29
11,28
11,27
11,26
11,25
11,24
11,23
11,22
11,21
11,20
11,18
11,16
11,14
11,10
11,9
11,8
11,7
11,6
11,3
11,2
11,1
10,313
10,312
10,311
10,310
